seed:7658
k:4
nbVertices:300
nbRep:35
theta:0.1
nbAttributes:5
devs:7.0;7.0;7.0;7.0;7.0
averageDegree:false
maxEdgesWithin:30
maxEdgesBetween:3
mte:500
nbTimestamps:5
probaMicro:0.2
probaMerge:0.19999999999999998
probaSplit:0.19999999999999998
probaChange:0.19999999999999998
addBetweenEdges:0.1
addWithinEdges:0.30000000000000004
addVertices:0.0
removeBetweenEdges:0.30000000000000004
removeWithinEdges:0.1
removeVertices:0.0
updateAttributes:0.1
